  -2.821383052074e-01   3.817574238334e-01  -4.298110650065e-01   4.467199510808e-01   4.431097608645e-01   3.987113667786e-01  -1.854487837414e-01  -2.554415087343e-02  -1.486524084593e-03  -2.874880930258e-05
  -5.451835930465e-01   4.601776595332e-01  -2.193467822057e-01  -6.202174584785e-02  -3.233320729482e-01  -4.896825175359e-01   3.025599245436e-01   5.618031959679e-02   4.507220016651e-03   1.227117335613e-04
  -5.933431444461e-01   2.271047840115e-02   3.894835896343e-01  -4.178600838426e-01  -1.016164881669e-01   3.625703048563e-01  -4.069580094791e-01  -1.163573511834e-01  -1.365112565098e-02  -5.350982825105e-04
  -4.443784246826e-01  -4.388101620668e-01   3.150737275970e-01   2.305831485812e-01   4.243634863695e-01  -5.153226809458e-02   4.690549008809e-01   2.305120589365e-01   4.049517659730e-02   2.302869981904e-03
  -2.469028617099e-01  -5.334530140805e-01  -2.417644356550e-01   3.762787572241e-01  -2.256447876188e-01  -2.971420519860e-01  -3.777681794561e-01  -4.001821153790e-01  -1.108126707512e-01  -9.390050394970e-03
  -1.061100009980e-01  -3.627917983390e-01  -5.103179674651e-01  -1.709770702002e-01  -3.267854309035e-01   3.281464001617e-01   3.498373008910e-02   5.306720924727e-01   2.625559451288e-01   3.498655572615e-02
  -3.628813856264e-02  -1.710651477743e-01  -3.945251158042e-01  -4.784680048858e-01   2.234135850171e-01   1.358099419172e-01   3.464582628065e-01  -3.760986367669e-01  -4.918942060960e-01  -1.141787843141e-01
  -1.008995452808e-02  -6.063525964112e-02  -1.919969490060e-01  -3.701613890209e-01   4.474580653972e-01  -3.224890110195e-01  -1.602913346302e-01  -1.810800429724e-01   6.042765288712e-01   3.073889652768e-01
  -2.318432798907e-03  -1.686352873453e-02  -6.708238973654e-02  -1.711921963783e-01   2.975271574863e-01  -3.505063600072e-01  -3.885202596631e-01   4.314060768397e-01  -1.958584141749e-01  -6.157163304648e-01
  -4.341397555114e-04  -3.655349857980e-03  -1.712029239752e-02  -5.236635251199e-02   1.110890789735e-01  -1.607974111973e-01  -2.187044315414e-01   3.569404161523e-01  -5.210236449477e-01   7.155772439678e-01
